PRICE	WEIGHT	CITYMPG	HWYMPG	DISP	COMP	HP	TORQUE	AUTO	CYLIN	COUNTRY
14670	2685	25	31	1834	9.2	142	127	0	4	1
33800	3515	18	26	3206	8.6	200	210	0	6	1
70000	3010	19	24	2977	10.2	270	210	0	6	1
26350	3150	20	26	2451	9.0	176	170	0	5	1
34890	3413	17	24	2959	10.0	210	198	0	6	4
25000	2550	22	30	1962	9.0	120	117	0	4	4
27000	3185	20	26	2771	10.3	172	184	0	6	6
23200	3329	19	26	2771	10.3	172	184	0	6	6
59000	3991	14	20	4172	10.6	276	295	1	8	6
24675	3020	22	30	1796	10.0	138	129	0	4	4
38425	3600	17	25	2494	10.0	189	184	0	6	4
55950	3795	16	22	3982	10.0	282	295	1	8	4
15495	2976	24	34	2189	9.0	120	130	1	4	2
20860	3449	19	29	3792	8.5	170	225	1	6	2
26999	3637	19	28	3792	8.5	170	225	1	6	2
17999	3240	19	29	3135	9.5	160	185	1	6	2
28000	3800	16	25	3792	8.5	170	225	1	6	2
23999	4191	17	25	5733	10.5	260	330	1	8	2
13599	2791	23	31	2260	9.5	115	140	1	4	2
32990	3757	16	25	4893	9.5	200	275	1	8	2
37290	3774	16	25	4572	10.3	270	300	1	8	2
33990	4477	16	25	5710	9.7	260	335	1	8	2
40990	3830	16	25	4572	10.3	270	300	1	8	2
12415	2795	25	34	2189	9.0	120	130	0	4	2
18995	4036	18	26	4293	9.8	200	245	0	8	2
8845	2515	26	37	2189	9.0	120	140	1	4	2
13145	2665	25	31	2189	9.0	120	130	1	4	2
36185	3335	17	25	5733	10.5	300	340	0	8	2
16999	3122	21	28	2972	8.9	142	171	1	6	2
9120	2085	32	40	1468	9.2	92	93	0	4	1
20935	3064	18	24	2972	8.9	164	185	0	6	1
55000	3476	13	21	7990	9.1	400	480	0	10	2
9120	2085	32	40	1468	9.2	92	93	0	4	1
12979	2725	23	29	2834	9.5	113	116	0	4	1
118000	3235	13	19	3405	10.4	312	229	0	8	4
206000	3715	11	16	4943	10.0	421	360	0	12	4
16140	3104	20	29	2931	9.3	140	165	1	6	2
10735	2569	24	33	2307	9.0	96	126	0	4	2
16830	3570	20	27	3805	9.0	140	215	0	6	2
14100	2265	35	41	1493	9.2	102	98	0	4	1
18100	2765	23	29	2156	8.8	135	142	0	4	1
9749	2450	22	29	1596	9.2	113	102	0	4	3
7190	2150	29	33	1468	9.4	81	92	0	4	3
9499	2200	27	35	1495	10.0	92	97	0	4	3
12799	2725	20	27	1997	9.0	128	121	0	4	3
20045	2880	24	32	1998	9.5	140	132	0	4	1
34400	3530	18	23	2960	10.5	210	193	1	6	1
47500	4040	17	22	4494	10.2	278	292	1	8	1
51950	3805	17	23	3980	9.5	219	273	1	6	5
51750	4075	17	24	3980	9.5	223	278	1	6	5
8500	2340	28	33	1597	9.0	88	98	0	4	3
240000	3640	9	14	5707	10.0	492	428	0	12	4
30600	3362	18	24	2995	10.5	188	200	1	6	1
39900	3652	18	23	2997	10.0	220	210	1	6	1
49900	3858	18	23	3969	10.0	250	260	1	8	1
38000	3495	18	23	2997	10.2	225	210	1	6	1
33750	3576	18	26	3802	9.0	160	225	1	6	2
38050	3768	18	25	4601	9.8	280	285	1	8	2
34750	4040	17	23	4601	9.0	210	270	1	8	2
69000	2955	17	27	2174	8.0	264	261	0	4	5
13500	2332	29	37	1597	9.0	105	100	0	4	1
16450	2293	22	27	1839	9.0	128	110	0	4	1
11295	2425	30	37	1839	8.9	103	111	0	4	1
34000	2790	17	25	1308	9.0	255	217	0	6	1
7995	2240	29	37	1597	9.3	82	92	0	4	1
30500	3650	19	24	2954	9.2	195	200	1	6	1
29900	3175	21	28	2198	10.0	147	155	1	4	6
40000	3525	19	25	3199	10.0	217	229	1	6	6
70600	4630	17	24	3199	10.0	228	232	1	6	6
85200	4090	17	24	3199	10.0	228	232	1	6	6
16260	3564	20	27	3805	9.0	140	205	1	6	2
17740	3126	20	29	2931	9.3	140	165	1	6	2
11270	2531	23	33	2307	9.0	96	126	0	4	2
25525	3430	18	25	2972	10.0	175	185	1	6	1
13019	2735	21	28	1834	9.5	113	116	0	4	1
8989	2083	31	39	1468	9.2	92	93	0	4	1
27175	3220	18	24	2972	10.0	222	201	0	6	1
22199	3130	19	26	2960	9.1	160	182	0	6	1
23969	2870	21	26	2389	9.5	155	160	1	4	1
32000	3185	18	24	2960	10.5	222	198	0	6	1
13510	2717	24	31	2260	9.5	115	140	0	4	2
32500	4000	16	25	3995	10.3	250	260	0	8	2
13470	2833	24	32	2189	9.0	120	130	1	4	2
16470	3405	19	28	3137	9.5	160	185	0	6	2
19420	3439	19	28	3791	9.0	170	225	1	6	2
24370	3512	19	27	3791	9.0	170	225	1	6	2
20424	3446	19	28	3791	9.0	170	225	1	6	2
12514	2736	22	32	2260	9.5	115	140	1	4	2
16174	3275	19	28	3137	9.5	160	185	1	6	2
9764	2484	25	35	1998	9.2	110	124	0	4	2
54800	2950	17	25	3600	11.3	247	228	0	6	6
82260	3590	12	19	5395	10.4	345	369	0	8	6
39950	3090	17	26	2990	11.0	236	225	0	4	6
11695	2279	28	37	1901	9.3	85	107	0	4	2
9995	2314	28	37	1901	9.3	85	107	0	4	2
11695	2362	28	37	1901	9.3	85	107	0	4	2
10500	2350	25	31	1820	9.6	110	110	0	4	1
7500	1845	33	37	1189	9.1	73	71	0	3	1
13553	2635	24	29	1781	9.5	90	101	0	4	1
7549	1780	39	43	1298	9.5	70	74	0	4	1
16168	2675	27	34	1762	9.5	110	115	0	4	1
19000	2590	22	29	2164	9.5	135	145	0	4	1
11498	2070	28	34	1497	9.4	100	91	0	4	1
33900	3215	18	23	2997	8.5	220	210	0	6	1
8698	1950	32	36	1457	9.3	82	89	0	4	1
24000	2815	18	25	2792	10.0	178	177	0	6	6
22700	3220	17	24	2792	10.0	172	177	0	6	6
